Accuracy: 0.0101
Macro F1: 0.0061
Weighted F1: 0.0081

Classification report:
              precision    recall  f1-score   support

           0       0.00      0.00      0.00         3
           1       0.00      0.00      0.00         3
           2       0.12      0.20      0.15         5
           3       0.00      0.00      0.00         3
           4       0.00      0.00      0.00         3
           5       0.14      0.20      0.17         5
           6       0.00      0.00      0.00         4
           7       0.00      0.00      0.00         4
           8       0.00      0.00      0.00         3
           9       0.00      0.00      0.00         4
          10       0.00      0.00      0.00         2
          11       0.12      0.17      0.14         6
          12       0.00      0.00      0.00         6
          13       0.00      0.00      0.00         4
          14       0.00      0.00      0.00         5
          15       0.00      0.00      0.00         3
          16       0.00      0.00      0.00         5
          17       0.00      0.00      0.00         4
          18       0.00      0.00      0.00         5
          19       0.00      0.00      0.00         4
          20       0.00      0.00      0.00         4
          21       0.00      0.00      0.00         6
          22       0.00      0.00      0.00         4
          23       0.00      0.00      0.00         5
          24       0.00      0.00      0.00         4
          25       0.00      0.00      0.00         5
          26       0.00      0.00      0.00         4
          27       0.00      0.00      0.00         3
          28       0.00      0.00      0.00         3
          29       0.00      0.00      0.00         5
          30       0.00      0.00      0.00         5
          31       0.00      0.00      0.00         2
          32       0.00      0.00      0.00         3
          33       0.00      0.00      0.00         4
          34       0.00      0.00      0.00         3
          35       0.00      0.00      0.00         4
          36       0.00      0.00      0.00         4
          37       0.00      0.00      0.00         4
          38       0.00      0.00      0.00         3
          39       0.00      0.00      0.00         5
          40       0.00      0.00      0.00         5
          41       0.00      0.00      0.00         4
          42       0.00      0.00      0.00         4
          43       0.00      0.00      0.00         3
          44       0.00      0.00      0.00         6
          45       0.00      0.00      0.00         3
          46       0.00      0.00      0.00         5
          47       0.00      0.00      0.00         4
          48       0.00      0.00      0.00         2
          49       0.00      0.00      0.00         3
          50       0.00      0.00      0.00         4
          51       0.00      0.00      0.00         4
          52       0.00      0.00      0.00         4
          53       0.00      0.00      0.00         3
          54       0.00      0.00      0.00         5
          55       0.00      0.00      0.00         4
          56       0.00      0.00      0.00         4
          57       0.00      0.00      0.00         4
          58       0.00      0.00      0.00         3
          59       0.00      0.00      0.00         5
          60       0.00      0.00      0.00         3
          61       0.00      0.00      0.00         4
          62       0.00      0.00      0.00         3
          63       0.12      0.20      0.15         5
          64       0.00      0.00      0.00         3
          65       0.00      0.00      0.00         3
          66       0.00      0.00      0.00         6
          67       0.00      0.00      0.00         3
          68       0.00      0.00      0.00         4
          69       0.00      0.00      0.00         4
          70       0.00      0.00      0.00         2
          71       0.00      0.00      0.00         4
          72       0.00      0.00      0.00         4
          73       0.00      0.00      0.00         3
          74       0.00      0.00      0.00         4
          75       0.00      0.00      0.00         4
          76       0.00      0.00      0.00         4
          77       0.00      0.00      0.00         4
          78       0.00      0.00      0.00         5
          79       0.00      0.00      0.00         4
          80       0.00      0.00      0.00         4
          81       0.00      0.00      0.00         5
          82       0.00      0.00      0.00         4
          83       0.00      0.00      0.00         5
          84       0.00      0.00      0.00         2
          85       0.00      0.00      0.00         3
          86       0.00      0.00      0.00         3
          87       0.00      0.00      0.00         3
          88       0.00      0.00      0.00         4
          89       0.00      0.00      0.00         2
          90       0.00      0.00      0.00         3
          91       0.00      0.00      0.00         4
          92       0.00      0.00      0.00         5
          93       0.00      0.00      0.00         4
          94       0.00      0.00      0.00         5
          95       0.00      0.00      0.00         4
          96       0.00      0.00      0.00         4
          97       0.00      0.00      0.00         4
          98       0.00      0.00      0.00         4
          99       0.00      0.00      0.00         4
         100       0.00      0.00      0.00         6

    accuracy                           0.01       398
   macro avg       0.01      0.01      0.01       398
weighted avg       0.01      0.01      0.01       398
